Recombinant ternary DES;Profile-Hydrogen donor;Profile-Hydrogen accept;LCCs interaction potential;Cosmovolume;Density;Solubility (log);Formula weight;Viscosity (In);Time;Temperature;Predicted delignification
cholinechloride[1]aceticacid[2]benzylalcohol[1];  0.006555;  0.010896;  -17.073998;  171.1361689025;  1.03802896;  -1.71762854888889;  106.9799;  -10.4771953056977;  2;  120;  38.97
cholinechloride[1]aceticacid[2]butanediol[1];  0.0133865;  0.0214165;  -16.51177;  165.720697605;  1.02681688;  -2.00961997333333;  102.475645;  -9.94974000810048;  2;  120;  35.39
cholinechloride[1]aceticacid[2]glycerol[1];  0.016873;  0.029004;  -15.729998;  159.453242295;  1.07231291;  -2.35835144555556;  102.968835;  -7.79783038275751;  2;  120;  34.78
cholinechloride[1]aceticacid[2]glycol[1];  0.0114805;  0.0206165;  -15.787476;  150.48327569;  1.05339872;  -2.36434626555556;  95.4623075;  -10.1817796881778;  2;  120;  34.67
cholinechloride[1]aceticacid[2]propanediol[1];  0.0136395;  0.0220195;  -15.991302;  157.8214444825;  1.04131508;  -2.26334072;  98.9689775;  -10.1775895167538;  2;  120;  33.29
cholinechloride[1]aceticacid[2]xylitol[1];  0.0250575;  0.0399735;  -15.72568;  177.975512355;  1.10078924;  -2.46612430333333;  117.9818875;  -2.63072922262807;  2;  120;  37.36
cholinechloride[1]aceticacid[5]benzylalcohol[1];  0.0155149285714286;  0.017062;  -17.90457;  225.94159334;  1.16653246;  -1.80989973222222;  158.724483333333;  -7.68231866437187;  2;  120;  64.08
cholinechloride[1]aceticacid[5]butanediol[1];  0.0133720714285714;  0.0132902857142857;  -17.541822;  214.876910088333;  1.06688515;  -1.97754825555556;  138.056966666667;  -7.33778842514535;  2;  120;  61.76
cholinechloride[1]aceticacid[5]glycerol[1];  0.0138837857142857;  0.0144971428571429;  -17.197776;  212.91409241;  1.13905291;  -2.13044199444444;  146.04921;  -6.22134139286023;  2;  120;  58.2
cholinechloride[1]aceticacid[5]glycol[1];  0.0143457142857143;  0.0154949285714286;  -17.267144;  213.970385201667;  1.15412403;  -2.12811813555556;  148.715781666667;  -7.44433612934219;  2;  120;  59.93
cholinechloride[1]aceticacid[5]propanediol[1];  0.0140757142857143;  0.0146789285714286;  -17.35043;  201.616919191667;  1.07381222;  -2.08203758888889;  130.378573333333;  -7.45350830757144;  2;  120;  59.46
cholinechloride[1]aceticacid[5]xylitol[1];  0.0138476428571428;  0.014411;  -17.132558;  217.959542666667;  1.13049599;  -2.18688334;  148.38699;  -3.55179849229454;  2;  120;  38.56
cholinechloride[1]benzoicacid[2]benzylalcohol[1];  0.006555;  0.010896;  -18.047612;  198.801340335;  1.02740353;  -1.11140513777778;  123.001745;  -16.3317484021775;  2;  120;  42.81
cholinechloride[1]benzoicacid[2]butanediol[1];  0.0133865;  0.0214165;  -17.726418;  193.3858690375;  1.01749787;  -1.25781264444444;  118.49749;  -15.8042931045802;  2;  120;  41.3
cholinechloride[1]benzoicacid[2]glycerol[1];  0.016873;  0.029004;  -17.350756;  187.118413725;  1.05595524;  -1.31924288222222;  118.99068;  -13.6523834792372;  2;  120;  39.22
cholinechloride[1]benzoicacid[2]glycol[1];  0.0114805;  0.0206165;  -17.525852;  178.14844712;  1.03915466;  -1.26288721777778;  111.4841525;  -16.0363327846575;  2;  120;  62.08
cholinechloride[1]benzoicacid[2]propanediol[1];  0.0136395;  0.0220195;  -17.501398;  185.4866159125;  1.0294368;  -1.30777124777778;  114.9908225;  -16.0321426132335;  2;  120;  52.09
cholinechloride[1]benzoicacid[2]xylitol[1];  0.0250575;  0.0399735;  -17.181858;  205.6406837875;  1.08207395;  -1.49599616777778;  134.0037325;  -8.4852823191078;  2;  120;  29.33
cholinechloride[1]benzoicacid[5]benzylalcohol[1];  0.0116592142857143;  0.0112447857142857;  -19.861632;  149.705245321667;  1.01311889;  -0.977706305555556;  91.337335;  -15.9591007800356;  2;  120;  63.91
cholinechloride[1]benzoicacid[5]butanediol[1];  0.0126351428571428;  0.0127477142857143;  -19.522392;  146.19339398;  1.00334825;  -1.05123156666667;  88.3345;  -15.6637258133812;  2;  120;  63.81
cholinechloride[1]benzoicacid[5]glycerol[1];  0.0131332142857143;  0.0138316428571428;  -19.246332;  142.204236515;  1.03533384;  -1.12041221222222;  88.6632916666667;  -14.4586564231891;  2;  120;  62.02
cholinechloride[1]benzoicacid[5]glycol[1];  0.0123628571428571;  0.0126334285714286;  -19.427824;  136.445254425;  1.0181295;  -1.07636423333333;  83.6589416666667;  -15.7936680342245;  2;  120;  61.79
cholinechloride[1]benzoicacid[5]propanediol[1];  0.0126712857142857;  0.0128338571428571;  -19.423754;  141.147943723333;  1.01171089;  -1.08490641333333;  85.99672;  -15.791321538227;  2;  120;  62.72
cholinechloride[1]benzoicacid[5]xylitol[1];  0.0143024285714286;  0.0153987142857143;  -18.97678;  154.175444653333;  1.06274185;  -1.19501021444444;  98.6719933333333;  -11.5650797735166;  2;  120;  63.62
cholinechloride[1]citricacid[2]benzylalcohol[1];  0.006555;  0.010896;  -18.294828;  225.21861212;  1.16495676;  -2.49165801222222;  158.0028775;  14.4725808472768;  2;  120;  45.62
cholinechloride[1]citricacid[2]butanediol[1];  0.0133865;  0.0214165;  -17.6699;  219.8031408225;  1.15963063;  -2.75971690222222;  153.4986225;  15.000036144874;  2;  120;  38.74
cholinechloride[1]citricacid[2]glycerol[1];  0.016873;  0.029004;  -17.190578;  213.5356855125;  1.19750202;  -3.04826546444444;  153.9918125;  17.151945770217;  2;  120;  35.4
cholinechloride[1]citricacid[2]glycol[1];  0.0114805;  0.0206165;  -17.254078;  204.5657189075;  1.1890777;  -3.08647636111111;  146.485285;  14.7679964647967;  2;  120;  35.96
cholinechloride[1]citricacid[2]propanediol[1];  0.0136395;  0.0220195;  -17.392094;  211.9038876975;  1.17537955;  -2.95949390555556;  149.991955;  14.7721866362207;  2;  120;  36.16
cholinechloride[1]citricacid[2]xylitol[1];  0.0250575;  0.0399735;  -17.214586;  232.0579555725;  1.20934951;  -3.02086449222222;  169.0048625;  22.3190469303464;  2;  120;  51.83
cholinechloride[1]citricacid[5]benzylalcohol[1];  0.0143456428571429;  0.0148516428571429;  -19.267158;  222.740102786667;  1.12121612;  -2.48078675888889;  150.396821666667;  28.6307449505205;  2;  120;  52.88
cholinechloride[1]citricacid[5]butanediol[1];  0.0197406428571428;  0.0105756428571429;  -18.873046;  154.155401275;  1.25301556;  -2.65248957666667;  116.32314;  28.975275189747;  2;  120;  64.26
cholinechloride[1]citricacid[5]glycerol[1];  0.0127145;  0.0122867857142857;  -18.651714;  209.712601858333;  1.09050199;  -2.80820994333333;  137.721548333333;  30.0917222220321;  2;  120;  47.59
cholinechloride[1]citricacid[5]glycol[1];  0.0131764285714286;  0.0132845714285714;  -18.710114;  210.768894648333;  1.10604535;  -2.81583006444444;  140.38812;  28.8687274855501;  2;  120;  47.56
cholinechloride[1]citricacid[5]propanediol[1];  0.0198638571428571;  0.0166365;  -18.737584;  178.3951405;  1.1513671;  -2.76027938777778;  123.693746666667;  28.8595553073209;  2;  120;  38.35
cholinechloride[1]citricacid[5]xylitol[1];  0.0126783571428571;  0.0122006428571428;  -18.606918;  214.758052113333;  1.08295815;  -2.81331723777778;  140.059328333333;  32.7612651225978;  2;  120;  49.87
cholinechloride[1]formicacid[2]benzylalcohol[1];  0.006555;  0.010896;  -16.956024;  140.6248663875;  1.00315559;  -1.48252786222222;  84.95351;  -1.85591004919924;  2;  120;  69.31
cholinechloride[1]formicacid[2]butanediol[1];  0.0133865;  0.0214165;  -16.081632;  135.20939509;  0.98801663;  -1.91099422;  80.4492575;  -1.328454751602;  2;  120;  67.03
cholinechloride[1]formicacid[2]glycerol[1];  0.016873;  0.029004;  -14.954236;  128.9419397775;  1.04239234;  -2.42139537666667;  80.942445;  0.823454873740967;  2;  120;  49.31
cholinechloride[1]formicacid[2]glycol[1];  0.0114805;  0.0206165;  -14.989626;  119.9719731725;  1.01643082;  -2.42356433444444;  73.43592;  -1.56049443167933;  2;  120;  66.95
cholinechloride[1]formicacid[2]propanediol[1];  0.0136395;  0.0220195;  -15.344842;  127.310141965;  1.00358203;  -2.25966069888889;  76.9425875;  -1.55630426025532;  2;  120;  64.97
cholinechloride[1]formicacid[2]xylitol[1];  0.0250575;  0.0399735;  -15.008192;  147.4642098375;  1.08051879;  -2.56203091444444;  95.9554975;  5.99055603387041;  2;  120;  53.36
cholinechloride[1]formicacid[5]benzylalcohol[1];  0.0151013571428571;  0.0110123571428571;  -17.864662;  124.789440226667;  1.05986007;  -1.48528462333333;  79.64844;  4.92404287629875;  2;  120;  55.45
cholinechloride[1]formicacid[5]butanediol[1];  0.0160772857142857;  0.0125152857142857;  -17.137984;  121.277588885;  1.0494356;  -1.78005464666667;  76.645605;  5.26857311552527;  2;  120;  51.27
cholinechloride[1]formicacid[5]glycerol[1];  0.0165753571428571;  0.0135992142857143;  -16.58449;  117.28843142;  1.08978345;  -2.03335867444444;  76.9743966666667;  6.38502014781039;  2;  120;  53.01
cholinechloride[1]formicacid[5]glycol[1];  0.015805;  0.012401;  -16.664286;  111.52944933;  1.07154723;  -2.00377155666667;  71.9700466666667;  5.16202541132843;  2;  120;  49.65
cholinechloride[1]formicacid[5]propanediol[1];  0.0161134285714286;  0.0126014285714286;  -16.834652;  116.232138628333;  1.06159146;  -1.93179676666667;  74.307825;  5.15285323309918;  2;  120;  50.1
cholinechloride[1]formicacid[5]xylitol[1];  0.0177445714285714;  0.0151662857142857;  -16.523574;  129.259639558333;  1.1174318;  -2.13093976888889;  86.9830983333333;  9.05456304837607;  2;  120;  62.48
cholinechloride[1]glutaricacid[2]benzylalcohol[1];  0.006555;  0.010896;  -16.90758;  200.8095772825;  1.05844674;  -1.33574080111111;  127.9983425;  8.80643475946245;  2;  120;  39.06
cholinechloride[1]glutaricacid[2]butanediol[1];  0.0133865;  0.0214165;  -16.455042;  195.394105985;  1.04950327;  -1.56305683888889;  123.4940875;  9.33389005705969;  2;  120;  33.67
cholinechloride[1]glutaricacid[2]glycerol[1];  0.016873;  0.029004;  -15.885252;  189.1266506725;  1.08861291;  -1.74728534;  123.9872775;  11.4857996824027;  2;  120;  30.68
cholinechloride[1]glutaricacid[2]glycol[1];  0.0114805;  0.0206165;  -15.975574;  180.1566840675;  1.07362563;  -1.71213224888889;  116.48075;  9.10185037698236;  2;  120;  45.86
cholinechloride[1]glutaricacid[2]propanediol[1];  0.0136395;  0.0220195;  -16.083586;  187.49485286;  1.06266274;  -1.69335200777778;  119.98742;  9.10604054840637;  2;  120;  35.74
cholinechloride[1]glutaricacid[2]xylitol[1];  0.0250575;  0.0399735;  -15.847098;  207.6489207325;  1.11156596;  -1.91758482444444;  139.0003275;  16.6529008425321;  2;  120;  29.18
cholinechloride[1]glutaricacid[5]benzylalcohol[1];  0.0234067142857143;  0.0139182857142857;  -17.597368;  236.219716553333;  1.26348505;  -1.40299899333333;  179.736863333333;  20.483360104778;  2;  120;  65.8
cholinechloride[1]glutaricacid[5]butanediol[1];  0.0299185714285714;  0.0143330714285714;  -17.317614;  83.3559900066667;  1.16797127;  -1.49511667333333;  58.6299983333333;  20.8278903440045;  2;  120;  42.67
cholinechloride[1]glutaricacid[5]glycerol[1];  0.0244187857142857;  0.0155073571428571;  -17.012418;  227.662414955;  1.27202279;  -1.56849217666667;  174.396248333333;  21.9443373762896;  2;  120;  62.74
cholinechloride[1]glutaricacid[5]glycol[1];  0.0241103571428571;  0.0153069285714286;  -17.090584;  222.959725656667;  1.28144133;  -1.55075757888889;  172.05847;  20.7213426398076;  2;  120;  62.5
cholinechloride[1]glutaricacid[5]propanediol[1];  0.0382927857142857;  0.0160592142857143;  -17.14707;  261.573394335;  1.27852536;  -1.54431264777778;  201.397383333333;  20.7121704615784;  2;  120;  68.96
cholinechloride[1]glutaricacid[5]xylitol[1];  0.0243826428571429;  0.0154212142857143;  -16.956922;  232.707865211667;  1.2611252;  -1.63638908222222;  176.734028333333;  24.6138802768553;  2;  120;  63.22
cholinechloride[1]glycolicacid[2]benzylalcohol[1];  0.006555;  0.010896;  -15.926418;  155.9554854525;  1.0643959;  -1.76499045888889;  99.9665625;  -2.78201218186271;  2;  120;  64.38
cholinechloride[1]glycolicacid[2]butanediol[1];  0.0133865;  0.0214165;  -15.264488;  150.540014155;  1.0530017;  -2.14137444777778;  95.4623075;  -2.25455688426547;  2;  120;  73.95
cholinechloride[1]glycolicacid[2]glycerol[1];  0.016873;  0.029004;  -14.322126;  144.272558845;  1.10442243;  -2.59561176333333;  95.9554975;  -0.102647258922497;  2;  120;  51.08
cholinechloride[1]glycolicacid[2]glycol[1];  0.0114805;  0.0206165;  -14.283106;  135.30259224;  1.08551483;  -2.62852988444444;  88.4489725;  -2.48659656434279;  2;  120;  55.02
cholinechloride[1]glycolicacid[2]propanediol[1];  0.0136395;  0.0220195;  -14.627168;  142.64076103;  1.07049296;  -2.46198462777778;  91.95564;  -2.48240639291879;  2;  120;  54.77
cholinechloride[1]glycolicacid[2]xylitol[1];  0.0250575;  0.0399735;  -14.480864;  162.794828905;  1.13190087;  -2.67074584;  110.96855;  5.06445390120694;  2;  120;  56.69
cholinechloride[1]glycolicacid[5]benzylalcohol[1];  0.0248807142857143;  0.0165051428571428;  -16.351068;  228.718707746667;  1.28550799;  -1.87402214555556;  177.06282;  3.38253632578138;  2;  120;  62.79
cholinechloride[1]glycolicacid[5]butanediol[1];  0.0293027142857143;  0.0145084285714286;  -15.920732;  141.073398045;  1.16918318;  -2.09707614444444;  99.3295783333333;  3.72706656500789;  2;  120;  74.65
cholinechloride[1]glycolicacid[5]glycerol[1];  0.0260499285714286;  0.0180722142857143;  -15.507026;  240.689915883333;  1.29062144;  -2.30773167666667;  187.071521666667;  4.84351359729302;  2;  120;  75.93
cholinechloride[1]glycolicacid[5]glycol[1];  0.0292149285714286;  0.0129444285714286;  -15.525006;  96.6159809033333;  1.13964247;  -2.31002405333333;  66.3083933333333;  3.62051886081106;  2;  120;  77.73
cholinechloride[1]glycolicacid[5]propanediol[1];  0.0282906428571429;  0.0129193571428571;  -15.667264;  149.630699643333;  1.16158612;  -2.23616411333333;  104.670193333333;  3.6113466825818;  2;  120;  77.63
cholinechloride[1]glycolicacid[5]xylitol[1];  0.0289942857142857;  0.014308;  -15.571174;  136.370708746667;  1.18103566;  -2.34807627444444;  96.9918;  7.5130564978587;  2;  120;  67.55
cholinechloride[1]lacidacid[2]benzylalcohol[1];  0.006555;  0.010896;  -16.768862;  156.19469264;  0.97771914;  -1.18039580333333;  91.9668475;  -2.39870236856495;  2;  120;  69.06
cholinechloride[1]lacidacid[2]butanediol[1];  0.0133865;  0.0214165;  -16.090112;  150.779221345;  0.96322988;  -1.53618714222222;  87.4625925;  -1.87124707096771;  2;  120;  73.42
cholinechloride[1]lacidacid[2]glycerol[1];  0.016873;  0.029004;  -15.07706;  144.5117660325;  1.0106721;  -1.95075614666667;  87.9557825;  0.28066255437526;  2;  120;  59.69
cholinechloride[1]lacidacid[2]glycol[1];  0.0114805;  0.0206165;  -15.216776;  135.5417994275;  0.98559361;  -1.89481026111111;  80.4492575;  -2.10328675104504;  2;  120;  78.05
cholinechloride[1]lacidacid[2]propanediol[1];  0.0136395;  0.0220195;  -15.40657;  142.87996822;  0.97572874;  -1.82654818555556;  83.955925;  -2.09909657962103;  2;  120;  74.69
cholinechloride[1]lacidacid[2]xylitol[1];  0.0250575;  0.0399735;  -14.98385;  163.0340360925;  1.04876119;  -2.18873029555556;  102.968835;  5.4477637145047;  2;  120;  54.36
cholinechloride[1]lacidacid[5]benzylalcohol[1];  0.0172206428571429;  0.0124825714285714;  -17.571298;  173.924941168333;  1.11093216;  -1.21576802222222;  116.359088333333;  3.95259185166182;  2;  120;  56.25
cholinechloride[1]lacidacid[5]butanediol[1];  0.0128717142857143;  0.0129080714285714;  -17.07105;  221.471394008333;  1.13508436;  -1.39166404333333;  151.389825;  4.29712209088833;  2;  120;  72.5
cholinechloride[1]lacidacid[5]glycerol[1];  0.0182327142857143;  0.0140716428571428;  -16.49653;  165.36763957;  1.11479193;  -1.59053903555556;  111.018473333333;  5.41356912317346;  2;  120;  79.21
cholinechloride[1]lacidacid[5]glycol[1];  0.0179242857142857;  0.0138712142857143;  -16.675086;  160.664950271667;  1.12326016;  -1.53281464888889;  108.680695;  4.1905743866915;  2;  120;  81
cholinechloride[1]lacidacid[5]propanediol[1];  0.0135753571428571;  0.0142967142857143;  -16.785842;  208.211403111667;  1.14613532;  -1.50875929888889;  143.711431666667;  4.21140220846225;  2;  120;  78.3
cholinechloride[1]lacidacid[5]xylitol[1];  0.0181965714285714;  0.0139855;  -16.317336;  170.413089826667;  1.10456587;  -1.73490211555556;  113.356253333333;  8.08311202373914;  2;  120;  49.19
cholinechloride[1]Levulinicacid[2]benzylalcohol[1];  0.006555;  0.010896;  -16.233246;  196.7129083775;  1.01296049;  -1.22973978;  119.9986275;  7.83921227466489;  2;  120;  39.1
cholinechloride[1]Levulinicacid[2]butanediol[1];  0.0133865;  0.0214165;  -15.791252;  191.29743708;  1.00253781;  -1.49321183666667;  115.4943725;  8.36666757226213;  2;  120;  35.3
cholinechloride[1]Levulinicacid[2]glycerol[1];  0.016873;  0.029004;  -15.171062;  185.02998177;  1.04092252;  -1.72772587222222;  115.9875625;  10.5185771976051;  2;  120;  32.05
cholinechloride[1]Levulinicacid[2]glycol[1];  0.0114805;  0.0206165;  -15.24592;  176.060015165;  1.02315676;  -1.68324236666667;  108.481035;  8.1346278921848;  2;  120;  53.66
cholinechloride[1]Levulinicacid[2]propanediol[1];  0.0136395;  0.0220195;  -15.34795;  183.3981839575;  1.01396835;  -1.66319362;  111.987705;  8.13881806360881;  2;  120;  40.09
cholinechloride[1]Levulinicacid[2]xylitol[1];  0.0250575;  0.0399735;  -15.121058;  203.55225183;  1.06867711;  -1.9309958;  131.0006125;  15.6856783577345;  2;  120;  26.75
cholinechloride[1]Levulinicacid[5]benzylalcohol[1];  0.027921;  0.0142461428571429;  -16.538758;  202.300861865;  1.25614186;  -1.36700366222222;  153.033788333333;  19.094790504309;  2;  120;  57.49
cholinechloride[1]Levulinicacid[5]butanediol[1];  0.0397667857142857;  0.0186460714285714;  -16.305876;  254.072385528333;  1.29879469;  -1.46728987777778;  198.72334;  19.4393207435355;  2;  120;  60.26
cholinechloride[1]Levulinicacid[5]glycerol[1];  0.0263252857142857;  0.0134057857142857;  -16.003738;  185.634219638333;  1.23462846;  -1.55947184444444;  138.021018333333;  20.5557677758206;  2;  120;  47.79
cholinechloride[1]Levulinicacid[5]glycol[1];  0.0292665714285714;  0.0144222857142857;  -16.054898;  146.118848301667;  1.15537878;  -1.53885615111111;  101.667358333333;  19.3327730393387;  2;  120;  66.9
cholinechloride[1]Levulinicacid[5]propanediol[1];  0.0389964285714286;  0.0174478571428571;  -16.110386;  248.31340344;  1.2954514;  -1.53295897;  193.71899;  19.3236008611094;  2;  120;  60.9
cholinechloride[1]Levulinicacid[5]xylitol[1];  0.0273012142857143;  0.0149087142857143;  -15.97511;  182.122368296667;  1.23105671;  -1.64083419666667;  135.018183333333;  23.2253106763863;  2;  120;  47.14
cholinechloride[1]maleicacid[2]benzylalcohol[1];  0.006555;  0.010896;  -17.855924;  178.13233948;  1.11841897;  -2.24377138;  119.9770575;  18.2473838155023;  2;  120;  70.4
cholinechloride[1]maleicacid[2]butanediol[1];  0.0133865;  0.0214165;  -17.313776;  172.7168681825;  1.11018165;  -2.45566493444444;  115.4728025;  18.7748391130996;  2;  120;  70.77
cholinechloride[1]maleicacid[2]glycerol[1];  0.016873;  0.029004;  -16.567898;  166.4494128725;  1.1569044;  -2.80026110111111;  115.9659925;  20.9267487384426;  2;  120;  71.01
cholinechloride[1]maleicacid[2]glycol[1];  0.0114805;  0.0206165;  -16.587564;  157.4794462675;  1.14364879;  -2.83557327;  108.4594675;  18.5427994330223;  2;  120;  76.13
cholinechloride[1]maleicacid[2]propanediol[1];  0.0136395;  0.0220195;  -16.876338;  164.81761506;  1.12805988;  -2.69321453;  111.966135;  18.5469896044463;  2;  120;  72.93
cholinechloride[1]maleicacid[2]xylitol[1];  0.0250575;  0.0399735;  -16.7818;  184.9716829325;  1.17583304;  -2.74566607222222;  130.979045;  26.093849898572;  2;  120;  61.53
cholinechloride[1]maleicacid[5]benzylalcohol[1];  0.0288969285714286;  0.0157490714285714;  -18.2828;  198.789010523333;  1.25324963;  -2.3104217;  150.030953333333;  33.9567929437769;  2;  120;  74.41
cholinechloride[1]maleicacid[5]butanediol[1];  0.0273373571428571;  0.0149948571428571;  -17.977436;  177.076918041667;  1.24421067;  -2.43811179;  132.680403333333;  34.3013231830034;  2;  120;  72.76
cholinechloride[1]maleicacid[5]glycerol[1];  0.0270289285714286;  0.0147944285714286;  -17.662264;  172.374228743333;  1.25563444;  -2.63140991111111;  130.342625;  35.4177702152885;  2;  120;  75.35
cholinechloride[1]maleicacid[5]glycol[1];  0.0289330714285714;  0.0158352142857143;  -17.681348;  193.743560266667;  1.26584998;  -2.63477824333333;  147.693173333333;  34.1947754788066;  2;  120;  78.36
cholinechloride[1]maleicacid[5]propanediol[1];  0.0289685;  0.0175597142857143;  -17.77694;  190.10441897;  1.26966421;  -2.56948843111111;  145.355676666667;  34.1856033005773;  2;  120;  73.08
cholinechloride[1]maleicacid[5]xylitol[1];  0.0277992857142857;  0.0159926428571428;  -17.838034;  178.133210831667;  1.26169026;  -2.56411476555556;  135.346975;  38.0873131158542;  2;  120;  42.36
cholinechloride[1]malicacid[2]benzylalcohol[1];  0.006555;  0.010896;  -17.963428;  188.4836256325;  1.13635421;  -2.25119231;  128.98472;  5.85001362301641;  2;  120;  43.52
cholinechloride[1]malicacid[2]butanediol[1];  0.0133865;  0.0214165;  -17.272766;  183.068154335;  1.12911322;  -2.58962095888889;  124.480465;  6.37746892061365;  2;  120;  39.65
cholinechloride[1]malicacid[2]glycerol[1];  0.016873;  0.029004;  -16.589678;  176.8006990225;  1.17377156;  -2.97544506666667;  124.973655;  8.52937854595662;  2;  120;  37.52
cholinechloride[1]malicacid[2]glycol[1];  0.0114805;  0.0206165;  -16.650418;  167.8307324175;  1.16223501;  -3.01360616444444;  117.4671275;  6.14542924053632;  2;  120;  59.93
cholinechloride[1]malicacid[2]propanediol[1];  0.0136395;  0.0220195;  -16.86746;  175.16890121;  1.14678868;  -2.85396116555556;  120.9737975;  6.14961941196033;  2;  120;  48.63
cholinechloride[1]malicacid[2]xylitol[1];  0.0250575;  0.0399735;  -16.562364;  195.322969085;  1.19009757;  -2.98560487333333;  139.9867075;  13.6964797060861;  2;  120;  30.01
cholinechloride[1]malicacid[5]benzylalcohol[1];  0.0393048571428571;  0.0176482857142857;  -18.825104;  253.016092738333;  1.28671625;  -2.39736001222222;  196.056768333333;  16.2409961484964;  2;  120;  67.44
cholinechloride[1]malicacid[5]butanediol[1];  0.029395;  0.016833;  -18.424438;  194.799853058333;  1.28171672;  -2.60364779777778;  150.359745;  16.5855263877229;  2;  120;  46.81
cholinechloride[1]malicacid[5]glycerol[1];  0.0392687142857143;  0.0175621428571428;  -18.170246;  258.061542995;  1.27660204;  -2.78249716222222;  198.394548333333;  17.701973420008;  2;  120;  66.3
cholinechloride[1]malicacid[5]glycol[1];  0.040936;  0.0202131428571428;  -18.234884;  266.043593666667;  1.30282297;  -2.79011905222222;  208.732041666667;  16.478978683526;  2;  120;  66.87
cholinechloride[1]malicacid[5]propanediol[1];  0.0286246428571428;  0.0156347857142857;  -18.282698;  189.040870968333;  1.27680489;  -2.72360437;  145.355395;  16.4698065052968;  2;  120;  43.19
cholinechloride[1]malicacid[5]xylitol[1];  0.0305642142857143;  0.0184000714285714;  -18.113126;  206.771061196667;  1.28788848;  -2.7927708;  160.368446666667;  20.3715163205737;  2;  120;  50.9
cholinechloride[1]oxalicacid[2]benzylalcohol[1];  0.006555;  0.010896;  -18.317534;  158.8048330725;  1.11840729;  -1.64571531444444;  106.95833;  7.83921227466489;  2;  120;  71.16
cholinechloride[1]oxalicacid[2]butanediol[1];  0.0133865;  0.0214165;  -17.632432;  153.389361775;  1.10913164;  -1.94767052222222;  102.4540775;  8.36666757226213;  2;  120;  74.62
cholinechloride[1]oxalicacid[2]glycerol[1];  0.016873;  0.029004;  -16.925318;  147.121906465;  1.16194765;  -2.31050525888889;  102.947265;  10.5185771976051;  2;  120;  81.25
cholinechloride[1]oxalicacid[2]glycol[1];  0.0114805;  0.0206165;  -17.047934;  138.15193986;  1.14716503;  -2.28149108;  95.44074;  8.1346278921848;  2;  120;  81.92
cholinechloride[1]oxalicacid[2]propanediol[1];  0.0136395;  0.0220195;  -17.261754;  145.4901086525;  1.12932787;  -2.17128725555556;  98.9474075;  8.13881806360881;  2;  120;  76.51
cholinechloride[1]oxalicacid[2]xylitol[1];  0.0250575;  0.0399735;  -16.868164;  165.644176525;  1.18252097;  -2.40431060888889;  117.9603175;  15.6856783577345;  2;  120;  69.98
cholinechloride[1]oxalicacid[5]benzylalcohol[1];  0.0160152857142857;  0.0174442142857143;  -19.26424;  219.34710942;  1.10066857;  -1.31300535;  145.391625;  19.094790504309;  2;  120;  81.75
cholinechloride[1]oxalicacid[5]butanediol[1];  0.0117024285714286;  0.0106977142857143;  -18.825586;  218.269903455;  1.08837868;  -1.53642173222222;  143.062163333333;  19.4393207435355;  2;  120;  82.27
cholinechloride[1]oxalicacid[5]glycerol[1];  0.0143841428571429;  0.0148793571428571;  -18.564058;  206.31960849;  1.06815191;  -1.75003613666667;  132.716351666667;  20.5557677758206;  2;  120;  85.34
cholinechloride[1]oxalicacid[5]glycol[1];  0.0148460714285714;  0.0158771428571429;  -18.6299;  207.375901281667;  1.08406343;  -1.69033136555556;  135.382923333333;  19.3327730393387;  2;  120;  86.43
cholinechloride[1]oxalicacid[5]propanediol[1];  0.0124060714285714;  0.0120863571428571;  -18.680304;  205.00991256;  1.0965813;  -1.65274183333333;  135.38377;  19.3236008611094;  2;  120;  84.18
cholinechloride[1]oxalicacid[5]xylitol[1];  0.014348;  0.0147932142857143;  -18.514178;  211.365058746667;  1.06102049;  -1.84686180111111;  135.054131666667;  23.2253106763863;  2;  120;  83.53
cholinechloride[1]succinicacid[2]benzylalcohol[1];  0.006555;  0.010896;  -16.36307;  182.8076272675;  1.09897123;  -1.90570952222222;  120.985005;  18.9840188121308;  2;  120;  48.13
cholinechloride[1]succinicacid[2]butanediol[1];  0.0133865;  0.0214165;  -15.829848;  177.39215597;  1.09035731;  -2.17290676777778;  116.48075;  19.5114741097281;  2;  120;  45.27
cholinechloride[1]succinicacid[2]glycerol[1];  0.016873;  0.029004;  -15.099538;  171.12470066;  1.13507748;  -2.47168726666667;  116.97394;  21.663383735071;  2;  120;  41.14
cholinechloride[1]succinicacid[2]glycol[1];  0.0114805;  0.0206165;  -15.097274;  162.154734055;  1.12099665;  -2.49381536;  109.4674125;  19.2794344296507;  2;  120;  61.06
cholinechloride[1]succinicacid[2]propanediol[1];  0.0136395;  0.0220195;  -15.355372;  169.492902845;  1.10681846;  -2.38609878888889;  112.9740825;  19.2836246010747;  2;  120;  54.25
cholinechloride[1]succinicacid[2]xylitol[1];  0.0250575;  0.0399735;  -15.283584;  189.64697072;  1.15567125;  -2.53261572666667;  131.9869925;  26.8304848952005;  2;  120;  30.08
cholinechloride[1]succinicacid[5]benzylalcohol[1];  0.0186946428571429;  0.0150694285714286;  -16.981344;  166.423932361667;  1.13432277;  -2.01431211666667;  113.685045;  35.2786442213522;  2;  120;  59.87
cholinechloride[1]succinicacid[5]butanediol[1];  0.0207165714285714;  0.0120785714285714;  -16.639036;  150.643549933333;  1.2491261;  -2.14641954333333;  113.320305;  35.6231744605787;  2;  120;  75.85
cholinechloride[1]succinicacid[5]glycerol[1];  0.0212146428571428;  0.0131625;  -16.282986;  146.654392468333;  1.28682653;  -2.27944438222222;  113.649096666667;  36.7396214928638;  2;  120;  79
cholinechloride[1]succinicacid[5]glycol[1];  0.0204442857142857;  0.0119642857142857;  -16.31524;  140.895410378333;  1.28044514;  -2.28738356;  108.644746666667;  35.5166267563818;  2;  120;  80.03
cholinechloride[1]succinicacid[5]propanediol[1];  0.0207527142857143;  0.0121647142857143;  -16.434532;  145.598099676667;  1.26575015;  -2.23579465555556;  110.982525;  35.5074545781526;  2;  120;  78.25
cholinechloride[1]succinicacid[5]xylitol[1];  0.0223838571428571;  0.0147295714285714;  -16.355508;  158.625600606667;  1.29448589;  -2.29641466555556;  123.657798333333;  39.4091643934295;  2;  120;  67.29
cholinechloride[1]tartaricacid[2]benzylalcohol[1];  0.006555;  0.010896;  -14.207582;  195.5722284775;  1.16308948;  -1.85031857444444;  136.984435;  -25.2802165318581;  2;  120;  42.33
cholinechloride[1]tartaricacid[2]butanediol[1];  0.0133865;  0.0214165;  -14.057872;  190.15675718;  1.1568798;  -2.05926737111111;  132.48018;  -24.7527612342608;  2;  120;  33.63
cholinechloride[1]tartaricacid[2]glycerol[1];  0.016873;  0.029004;  -13.594574;  183.88930187;  1.20076301;  -2.27400009888889;  132.97337;  -22.6008516089179;  2;  120;  31.95
cholinechloride[1]tartaricacid[2]glycol[1];  0.0114805;  0.0206165;  -13.524216;  174.919335265;  1.19107811;  -2.29163793555556;  125.4668425;  -24.9848009143382;  2;  120;  35.31
cholinechloride[1]tartaricacid[2]propanediol[1];  0.0136395;  0.0220195;  -13.73184;  182.2575040575;  1.17507124;  -2.21412322222222;  128.9735125;  -24.9806107429141;  2;  120;  32.95
cholinechloride[1]tartaricacid[2]xylitol[1];  0.0250575;  0.0399735;  -13.870228;  202.41157193;  1.21404734;  -2.30922103;  147.9864225;  -17.4337504487884;  2;  120;  35.21
cholinechloride[1]tartaricacid[5]benzylalcohol[1];  0.0212952857142857;  0.0131729285714286;  -13.865402;  192.901532713333;  1.2025765;  -1.79268187777778;  139.70093;  -29.4282446451355;  2;  120;  36.84
cholinechloride[1]tartaricacid[5]butanediol[1];  0.0222712142857143;  0.0146758571428571;  -13.92964;  189.389681373333;  1.19854747;  -1.86610315777778;  136.698095;  -29.083714405909;  2;  120;  35.52
cholinechloride[1]tartaricacid[5]glycerol[1];  0.0227692857142857;  0.0157597857142857;  -13.796706;  185.400523906667;  1.22728076;  -1.92140570333333;  137.026886666667;  -27.9672673736238;  2;  120;  39.07
cholinechloride[1]tartaricacid[5]glycol[1];  0.0219989285714286;  0.0145615714285714;  -13.746274;  179.641541818333;  1.22036682;  -1.91870648555556;  132.022536666667;  -29.1902621101058;  2;  120;  37.61
cholinechloride[1]tartaricacid[5]propanediol[1];  0.0223073571428571;  0.014762;  -13.829252;  184.344231116667;  1.21029309;  -1.90163783444444;  134.360315;  -29.199434288335;  2;  120;  36.49
cholinechloride[1]tartaricacid[5]xylitol[1];  0.0239385;  0.0173268571428571;  -14.00922;  197.371732045;  1.23704815;  -1.93401399777778;  147.035588333333;  -25.2977244730581;  2;  120;  43.16
cholinechloride[1]terephthalicacid[2]benzylalcohol[1];  0.006555;  0.010896;  -18.240428;  209.509596;  1.14929849;  -1.88497505444444;  145.006565;  25.7260619792395;  2;  120;  38.69
cholinechloride[1]terephthalicacid[2]butanediol[1];  0.0133865;  0.0214165;  -17.92759;  204.0941247025;  1.14314693;  -1.99578890777778;  140.50231;  26.2535172768368;  2;  120;  32.43
cholinechloride[1]terephthalicacid[2]glycerol[1];  0.016873;  0.029004;  -17.349578;  197.8266693925;  1.18350338;  -2.20382598;  140.9955;  28.4054269021798;  2;  120;  31.84
cholinechloride[1]terephthalicacid[2]glycol[1];  0.0114805;  0.0206165;  -17.402738;  188.8567027875;  1.17371345;  -2.21654310888889;  133.4889725;  26.0214775967595;  2;  120;  34.62
cholinechloride[1]terephthalicacid[2]propanediol[1];  0.0136395;  0.0220195;  -17.60402;  196.19487158;  1.15949316;  -2.14127171888889;  136.9956425;  26.0256677681835;  2;  120;  32.31
cholinechloride[1]terephthalicacid[2]xylitol[1];  0.0250575;  0.0399735;  -17.463896;  216.3489394525;  1.19740957;  -2.19126511111111;  156.0085525;  33.5725280623092;  2;  120;  36.05
cholinechloride[1]terephthalicacid[5]benzylalcohol[1];  0.0318581428571428;  0.0170983571428571;  -19.012306;  101.086180235;  1.20973174;  -1.83924910222222;  73.64305;  58.689486659483;  2;  120;  77.53
cholinechloride[1]terephthalicacid[5]butanediol[1];  0.0309338571428571;  0.0170732857142857;  -18.879712;  154.100898975;  1.20692631;  -1.88620599;  112.004851666667;  59.0340168987095;  2;  120;  74.85
cholinechloride[1]terephthalicacid[5]glycerol[1];  0.030227;  0.0145335;  -18.628944;  88.058679305;  1.14968082;  -2.00501841666667;  60.9677783333333;  60.1504639309947;  2;  120;  44.18
cholinechloride[1]terephthalicacid[5]glycol[1];  0.0306889285714286;  0.0155312857142857;  -18.663088;  89.1149720966667;  1.18574151;  -2.00777677111111;  63.63435;  58.9274691945127;  2;  120;  53.07
cholinechloride[1]terephthalicacid[5]propanediol[1];  0.0297646428571429;  0.0155062142857143;  -18.74678;  142.129690836667;  1.1916482;  -1.96257912888889;  101.99615;  58.9182970162834;  2;  120;  79.73
cholinechloride[1]terephthalicacid[5]xylitol[1];  0.0301908571428571;  0.0144473571428571;  -18.705226;  93.1041295616667;  1.12907289;  -1.9622795;  63.3055566666667;  62.8200068315603;  2;  120;  44.18
